0 32 778
0 1 151
0 2 114
0 4 76
0 8 792
0 64 943
0 128 132
0 16 151
1 129 12
1 3 62
1 5 32
1 65 37
1 33 37
1 9 37
1 17 134
2 34 79
2 3 92
2 6 130
2 10 120
2 66 125
2 18 61
2 130 13
3 35 114
3 67 65
3 131 67
3 7 52
3 11 28
3 19 103
4 132 56
4 36 46
4 5 131
4 6 19
4 12 143
4 20 110
4 68 11
5 37 52
5 7 49
5 13 145
5 21 21
5 69 127
5 133 75
6 70 93
6 38 14
6 7 297
6 14 51
6 22 118
6 134 91
7 39 32
7 71 23
7 23 48
7 135 92
7 15 153
8 40 131
8 9 99
8 10 128
8 12 53
8 72 58
8 24 47
8 136 131
9 137 40
9 11 34
9 13 59
9 73 266
9 41 53
9 25 100
10 42 80
10 11 16
10 14 15
10 138 126
10 26 101
10 74 151
11 43 222
11 75 230
11 27 227
11 139 35
11 15 29
12 140 80
12 76 95
12 13 16
12 14 25
12 44 44
12 28 119
13 45 29
13 29 104
13 141 32
13 77 113
13 15 32
14 46 90
14 142 246
14 78 270
14 30 75
14 15 19
15 47 95
15 79 137
15 143 144
15 31 19
16 80 137
16 144 100
16 48 150
16 17 83
16 18 20
16 20 295
16 24 144
17 81 72
17 145 153
17 49 116
17 19 131
17 21 67
17 25 27
18 146 73
18 50 59
18 82 234
18 19 29
18 22 41
18 26 237
19 51 102
19 83 63
19 27 59
19 147 58
19 23 43
20 84 10
20 21 53
20 22 108
20 148 15
20 28 55
20 52 128
21 149 11
21 53 111
21 29 60
21 85 29
21 23 79
22 23 141
22 54 80
22 86 21
22 30 30
22 150 111
23 87 40
23 55 46
23 151 99
23 31 71
24 56 76
24 88 137
24 25 28
24 152 80
24 28 38
24 26 43
25 153 27
25 57 34
25 27 125
25 29 34
25 89 136
26 58 105
26 27 27
26 90 139
26 30 121
26 154 53
27 91 12
27 59 80
27 155 45
27 31 103
28 92 120
28 156 14
28 29 143
28 30 119
28 60 129
29 157 103
29 61 140
29 93 58
29 31 132
30 158 90
30 94 139
30 62 126
30 31 10
31 95 86
31 159 121
31 63 128
32 160 55
32 33 93
32 34 93
32 36 10
32 40 257
32 96 10
32 48 93
33 97 116
33 35 114
33 37 102
33 161 309
33 41 117
33 49 299
34 98 133
34 35 20
34 38 90
34 42 137
34 162 117
34 50 70
35 43 44
35 99 52
35 163 105
35 51 118
35 39 84
36 164 198
36 37 210
36 38 46
36 44 208
36 52 238
36 100 230
37 165 142
37 39 136
37 101 14
37 45 42
37 53 57
38 102 62
38 39 77
38 46 66
38 54 34
38 166 49
39 103 89
39 47 31
39 167 84
39 55 153
40 104 57
40 41 58
40 42 89
40 44 63
40 168 43
40 56 78
41 105 13
41 57 152
41 43 26
41 45 35
41 169 141
42 58 69
42 43 102
42 106 151
42 46 27
42 170 61
43 107 52
43 59 149
43 171 108
43 47 111
44 108 153
44 172 63
44 45 140
44 46 154
44 60 56
45 173 121
45 47 45
45 61 96
45 109 77
46 110 299
46 174 123
46 62 10
46 47 54
47 111 87
47 175 53
47 63 38
48 112 79
48 176 143
48 49 119
48 50 142
48 52 138
48 56 42
49 113 72
49 51 44
49 53 13
49 177 103
49 57 13
50 114 53
50 51 131
50 58 63
50 54 50
50 178 29
51 59 129
51 115 117
51 179 58
51 55 126
52 180 81
52 116 11
52 53 83
52 54 88
52 60 58
53 181 108
53 55 116
53 61 29
53 117 123
54 55 55
54 118 19
54 62 54
54 182 69
55 119 88
55 183 34
55 63 120
56 120 89
56 57 119
56 58 85
56 184 68
56 60 17
57 121 108
57 59 120
57 61 93
57 185 78
58 186 95
58 59 44
58 122 10
58 62 77
59 123 246
59 187 45
59 63 141
60 124 97
60 188 89
60 61 60
60 62 124
61 189 60
61 125 36
61 63 141
62 190 13
62 126 22
62 63 134
63 127 630
63 191 72
64 192 11
64 65 26
64 66 26
64 68 26
64 72 284
64 96 382
64 80 26
65 97 31
65 67 220
65 69 54
65 193 10
65 73 205
65 81 216
66 194 64
66 67 131
66 70 52
66 74 11
66 98 122
66 82 39
67 75 85
67 83 21
67 99 149
67 195 67
67 71 50
68 196 174
68 69 201
68 70 208
68 76 191
68 84 185
68 100 185
69 197 101
69 71 92
69 101 120
69 85 25
69 77 45
70 198 50
70 102 108
70 78 130
70 86 93
70 71 146
71 103 38
71 79 98
71 199 107
71 87 77
72 104 84
72 73 51
72 74 84
72 76 25
72 200 54
72 88 44
73 105 43
73 75 52
73 77 35
73 89 41
73 201 91
74 106 60
74 75 111
74 90 38
74 202 87
74 78 149
75 107 37
75 91 26
75 203 20
75 79 46
76 204 39
76 92 61
76 77 111
76 78 11
76 108 149
77 79 122
77 205 116
77 93 38
77 109 94
78 206 53
78 110 295
78 94 50
78 79 28
79 111 86
79 207 208
79 95 137
80 112 48
80 208 86
80 81 102
80 82 82
80 84 12
80 88 125
81 113 54
81 209 54
81 83 87
81 85 53
81 89 113
82 114 63
82 210 50
82 83 122
82 90 76
82 86 74
83 91 74
83 115 32
83 211 120
83 87 95
84 116 42
84 92 240
84 212 216
84 86 227
84 85 218
85 87 39
85 117 143
85 93 98
85 213 141
86 214 126
86 118 86
86 94 152
86 87 112
87 119 102
87 215 43
87 95 218
88 216 59
88 120 116
88 90 121
88 92 11
88 89 38
89 121 134
89 91 117
89 93 86
89 217 129
90 218 72
90 91 19
90 122 50
90 94 84
91 123 71
91 219 105
91 95 110
92 220 53
92 124 49
92 93 95
92 94 108
93 221 212
93 125 19
93 95 144
94 222 77
94 126 92
94 95 43
95 127 74
95 223 664
96 224 36
96 97 36
96 98 36
96 100 36
96 104 212
96 112 36
97 225 139
97 99 20
97 105 20
97 101 15
97 113 25
98 226 121
98 106 61
98 99 142
98 114 130
98 102 155
99 115 18
99 103 26
99 107 78
99 227 142
100 228 103
100 116 48
100 101 54
100 102 47
100 108 41
101 103 34
101 229 22
101 117 92
101 109 55
102 230 33
102 110 131
102 118 116
102 103 148
103 111 167
103 231 26
103 119 142
104 120 43
104 105 75
104 106 97
104 108 82
104 232 56
105 121 103
105 107 145
105 109 75
105 233 60
106 234 124
106 107 43
106 122 44
106 110 39
107 111 90
107 123 66
107 235 287
108 236 53
108 124 110
108 109 35
108 110 92
109 111 24
109 125 24
109 237 288
110 238 240
110 126 33
110 111 19
111 239 399
111 127 74
112 240 21
112 113 45
112 114 22
112 116 42
112 120 128
113 241 12
113 115 14
113 117 62
113 121 14
114 242 145
114 115 82
114 122 10
114 118 144
115 119 37
115 123 223
115 243 58
116 244 116
116 124 93
116 117 20
116 118 53
117 119 12
117 125 289
117 245 139
118 246 22
118 126 282
118 119 92
119 247 134
119 127 339
120 248 10
120 121 104
120 122 46
120 124 277
121 249 68
121 123 250
121 125 119
122 250 98
122 123 229
122 126 80
123 251 21
123 127 67
124 252 38
124 125 57
124 126 18
125 253 470
125 127 74
126 254 58
126 127 74
127 255 1485
128 160 94
128 129 281
128 130 66
128 132 12
128 136 273
128 192 276
128 144 257
129 161 37
129 131 92
129 133 62
129 193 69
129 137 70
129 145 64
130 194 65
130 131 239
130 134 63
130 138 240
130 162 240
130 146 10
131 163 129
131 139 10
131 147 64
131 195 115
131 135 66
132 164 223
132 133 67
132 134 37
132 140 218
132 148 208
132 196 216
133 165 83
133 197 73
133 135 92
133 141 78
133 149 46
134 198 126
134 135 130
134 166 18
134 142 48
134 150 86
135 167 17
135 143 108
135 199 139
135 151 116
136 168 142
136 137 88
136 138 90
136 140 74
136 200 41
136 152 121
137 153 116
137 139 132
137 141 12
137 169 87
137 201 25
138 202 30
138 139 143
138 154 51
138 142 29
138 170 112
139 171 153
139 155 152
139 203 102
139 143 66
140 156 120
140 172 116
140 204 86
140 142 104
140 141 107
141 173 106
141 143 28
141 157 77
141 205 112
142 174 39
142 158 32
142 206 19
142 143 23
143 207 210
143 175 53
143 159 106
144 176 21
144 208 105
144 145 11
144 146 112
144 148 130
144 152 47
145 153 79
145 209 53
145 147 147
145 149 22
145 177 71
146 210 78
146 147 112
146 178 16
146 150 73
146 154 75
147 179 42
147 155 65
147 211 70
147 151 31
148 156 78
148 180 104
148 212 149
148 150 60
148 149 136
149 213 136
149 151 38
149 157 102
149 181 71
150 182 109
150 158 87
150 214 41
150 151 38
151 183 64
151 215 213
151 159 45
152 216 105
152 184 50
152 154 77
152 156 52
152 153 92
153 185 105
153 155 13
153 157 26
153 217 34
154 218 127
154 155 141
154 186 60
154 158 76
155 187 49
155 219 143
155 159 128
156 220 79
156 188 76
156 157 45
156 158 19
157 221 269
157 189 28
157 159 56
158 222 99
158 190 291
158 159 144
159 191 125
159 223 475
160 224 136
160 161 122
160 162 137
160 164 112
160 168 78
160 176 92
161 225 141
161 163 69
161 165 12
161 169 85
161 177 41
162 226 129
162 163 41
162 170 152
162 166 50
162 178 57
163 167 40
163 171 101
163 179 112
163 227 127
164 180 98
164 172 66
164 228 12
164 166 153
164 165 141
165 181 139
165 167 47
165 173 60
165 229 140
166 174 59
166 182 19
166 230 153
166 167 67
167 175 53
167 183 140
167 231 62
168 184 125
168 169 33
168 170 68
168 172 26
168 232 52
169 185 63
169 171 154
169 173 76
169 233 38
170 234 318
170 171 152
170 186 280
170 174 111
171 235 95
171 187 58
171 175 32
172 236 118
172 188 68
172 173 25
172 174 64
173 175 53
173 189 41
173 237 294
174 238 20
174 190 80
174 175 53
175 239 260
175 191 37
176 240 122
176 177 45
176 178 106
176 184 83
176 180 100
177 241 83
177 179 287
177 181 106
177 185 28
178 242 23
178 179 20
178 186 95
178 182 84
179 243 74
179 187 19
179 183 38
180 244 93
180 188 136
180 181 30
180 182 140
181 183 100
181 189 83
181 245 271
182 246 39
182 190 56
182 183 116
183 247 367
183 191 125
184 248 123
184 185 139
184 186 66
184 188 98
185 249 94
185 187 146
185 189 144
186 250 13
186 187 59
186 190 69
187 251 26
187 191 124
188 252 92
188 189 143
188 190 61
189 253 374
189 191 125
190 254 54
190 191 79
191 255 841
192 224 51
192 193 283
192 194 286
192 196 97
192 200 74
192 208 94
193 225 117
193 201 24
193 195 61
193 197 107
193 209 98
194 226 11
194 202 76
194 195 21
194 210 136
194 198 67
195 227 134
195 199 87
195 203 54
195 211 139
196 228 86
196 212 98
196 204 75
196 198 78
196 197 97
197 205 146
197 229 53
197 213 51
197 199 147
198 230 122
198 206 30
198 214 104
198 199 41
199 207 387
199 215 117
199 231 17
200 216 76
200 201 123
200 202 19
200 204 17
200 232 76
201 217 145
201 203 139
201 205 16
201 233 57
202 234 124
202 203 65
202 218 18
202 206 120
203 235 45
203 219 44
203 207 112
204 236 118
204 220 77
204 205 102
204 206 61
205 207 112
205 221 74
205 237 306
206 238 228
206 222 262
206 207 90
207 239 1023
207 223 96
208 240 65
208 209 143
208 210 24
208 212 54
208 216 114
209 241 15
209 211 133
209 213 137
209 217 18
210 242 81
210 211 77
210 218 34
210 214 33
211 243 52
211 219 66
211 215 132
212 244 35
212 220 135
212 213 100
212 214 123
213 215 84
213 221 373
213 245 108
214 246 134
214 222 12
214 215 38
215 247 71
215 223 556
216 248 102
216 217 22
216 218 68
216 220 36
217 249 269
217 219 124
217 221 26
218 250 53
218 219 83
218 222 56
219 251 23
219 223 134
220 252 31
220 221 74
220 222 258
221 253 984
221 223 44
222 254 85
222 223 30
223 255 2136
224 232 104
224 225 16
224 226 50
224 228 147
224 240 141
225 241 85
225 227 307
225 229 105
225 233 137
226 234 107
226 227 46
226 242 137
226 230 34
227 243 65
227 231 63
227 235 22
228 236 47
228 244 130
228 229 140
228 230 84
229 231 63
229 245 46
229 237 351
230 238 67
230 246 102
230 231 63
231 239 247
231 247 47
232 248 62
232 233 89
232 234 144
232 236 38
233 249 73
233 235 287
233 237 46
234 250 50
234 235 15
234 238 225
235 251 114
235 239 16
236 252 19
236 237 46
236 238 236
237 253 31
237 239 1300
238 254 65
238 239 16
239 255 3404
240 248 106
240 241 63
240 242 80
240 244 18
241 249 54
241 243 271
241 245 16
242 250 81
242 243 96
242 246 74
243 251 40
243 247 85
244 252 118
244 245 17
244 246 29
245 253 502
245 247 95
246 254 114
246 247 133
247 255 1089
248 249 27
248 250 134
248 252 73
249 251 121
249 253 13
250 100000 2700
250 100001 2700
250 100002 2700
250 100003 2700
250 100004 2700
250 251 108
250 254 117
251 100001 2700
251 100002 2700
251 255 96
252 100000 2700
252 253 45
252 254 93
253 255 2573
254 100001 2700
254 100004 2700
254 255 119
255 100002 2700
255 100003 2700
255 100004 2700
-2 0 2700
-2 4 2700
-2 5 2700
-5 1 2700
-5 2 2700
-5 4 2700
-4 0 2700
-4 2 2700
-4 3 2700
-3 0 2700
-1 0 2700
-1 5 2700
