0 32 471
0 1 463
0 2 10
0 4 94
0 8 415
0 16 631
1 33 72
1 3 39
1 9 83
1 5 83
1 17 83
2 34 136
2 10 142
2 3 18
2 18 29
2 6 108
3 19 98
3 35 105
3 11 18
3 7 29
4 36 93
4 12 71
4 5 41
4 6 139
4 20 126
5 37 109
5 7 61
5 21 101
5 13 122
6 38 75
6 14 152
6 22 74
6 7 67
7 39 45
7 15 55
7 23 81
8 40 31
8 9 192
8 10 31
8 12 31
8 24 31
9 41 15
9 11 32
9 13 114
9 25 114
10 42 107
10 11 57
10 26 29
10 14 142
11 43 64
11 27 10
11 15 55
12 44 207
12 28 205
12 13 13
12 14 84
13 15 27
13 29 208
13 45 108
14 46 39
14 30 200
14 15 55
15 47 164
15 31 28
16 48 35
16 17 128
16 18 35
16 20 35
16 24 274
17 49 30
17 19 93
17 21 56
17 25 32
18 50 168
18 19 170
18 26 158
18 22 166
19 51 236
19 27 77
19 23 81
20 52 29
20 28 148
20 21 80
20 22 18
21 23 81
21 29 19
21 53 150
22 54 62
22 30 231
22 23 74
23 55 270
23 31 47
24 56 134
24 25 75
24 26 48
24 28 48
25 57 134
25 27 23
25 29 64
26 58 50
26 27 31
26 30 16
27 59 202
27 31 47
28 60 143
28 29 23
28 30 38
29 61 72
29 31 28
30 62 53
30 31 47
31 63 299
32 40 153
32 33 24
32 34 22
32 36 12
32 48 162
33 41 187
33 35 92
33 37 77
33 49 68
34 42 228
34 35 39
34 50 68
34 38 186
35 43 252
35 51 99
35 39 45
36 44 42
36 52 69
36 37 221
36 38 182
37 39 45
37 53 152
37 45 137
38 46 60
38 54 12
38 39 11
39 47 112
39 55 34
40 56 19
40 41 55
40 42 55
40 44 55
41 57 117
41 43 104
41 45 110
42 58 38
42 43 32
42 46 56
43 59 214
43 47 27
44 60 30
44 45 131
44 46 62
45 61 127
45 47 27
46 62 125
46 47 25
47 63 455
48 56 59
48 49 20
48 50 59
48 52 59
49 57 232
49 51 229
49 53 98
50 58 132
50 51 85
50 54 28
51 59 88
51 55 34
52 60 22
52 53 115
52 54 78
53 61 123
53 55 34
54 62 110
54 55 34
55 63 517
56 57 32
56 58 90
56 60 90
57 59 215
57 61 52
58 100000 2700
58 100001 2700
58 59 57
58 100004 2700
58 62 55
59 63 99
60 100002 2700
60 100003 2700
60 61 15
60 62 144
61 100003 2700
61 63 42
62 100002 2700
62 100004 2700
62 63 144
63 100000 2700
63 100001 2700
63 100003 2700
-2 2 2700
-2 3 2700
-2 4 2700
-5 3 2700
-5 4 2700
-4 0 2700
-4 4 2700
-3 4 2700
-3 5 2700
-1 2 2700
-1 3 2700
-1 4 2700
